61
202
322
343
432
436
446
455
486
489
506
522
534
543
554
559
564
570
582
614
620
691
693
745
757
800
837
983
988
1243
1250
1256
1266
1389
1510
1549
1591
1606
1681
1684
1685
1692
1702
1703
1704
1840
1851
1889
1892
1913
1930
1953
1982
2007
2030
2031
2037
2105
2182
2204
2226
2247
2287
2295
2301
2323
2342
2569
2672
2708
2715
2717
2791
2796
2839
2867
2922
3346
3372
3786
3817
3833
3849
3854
3891
3942
3965
3974
3981
4003
4020
4031
4058
4066
4096
4175
4176
4184
4193
4203
4217
4225
4243
4248
4266
4305
4595
4598
4608
4612
4617
4621
4785
4786
4794
4817
4839
4885
4943
4986
5226
5234
5458
5474
5476
5494
5557
5576
5614
5646
5649
5693
5708
5711
5883
5905
5938
5942
5968
5971
6019
6028
6044
6052
6069
6073
6081
6100
6111
6143
6150
6162
6199
6260
6417
6426
6435
6452
6459
6513
6542
6547
6559
6568
6573
6579
6584
6589
6602
6631
6795
7080
7084
7089
7105
7172
